====================
Turn words -- Fibonnaci_Word
====================
0
1
00
010
101
1001
01010
00100
010010
0010100
1001001
10100101
100101001
010010010
0101001010
01001010010
10100100101
001010010100
0101001001010
0010010100100
10010100101001
001010010010100
100100101001001
0100101001010010
10010100100101001
01001001010010010
001001010010100100
0100101001001010010
1010010010100100101
10010010100101001001
010100100101001001010
101001010010010100101
0100100101001010010010
00101001001010010010100
01010010100100101001010
101001001010010100100101
1001010010010100100101001
0010100101001001010010100
01010010010100101001001010
010010100100101001001010010
100101001010010010100101001
0010100100101001010010010100
10100101001001010010010100101
01001010010100100101001010010
100101001001010010100100101001
0101001010010010100100101001010
0010010100101001001010010100100
01001010010010100101001001010010
001010010100100101001001010010100
100100101001010010010100101001001
10010100101001001010010010100101001
01001001010010100100101001010010010
0100101001010010010100100101001010010
1010010010100101001001010010100100101
001001010010100100101001001010010100100
010100100101001010010010100101001001010
10010010100101001001010010010100101001001
00101001001010010100100101001010010010100
0100100101001010010010100100101001010010010
101001001010010100100101001001010010100100101
01010010010100101001001010010010100101001001010
0010100100101001010010010100100101001010010010100
100101001001010010100100101001001010010100100101001
01001010010010100101001001010010010100101001001010010
0	0
1	2
2	1
3	2
4	1
5	2
6	1
7	2
8	1
9	2
10	1
11	2
12	1
13	2
14	1
15	2
16	1
17	2
18	1
19	2
20	1
21	2
22	1
23	2
24	1
25	2
26	1
27	2
28	1
29	2
30	1
31	2
32	1
33	2
34	0
35	2
36	0
37	2
38	0
39	2
40	0
41	2
42	0
43	1
44	0
45	1
46	0
47	1
48	0
49	1
50	0
51	1
52	0
53	1
54	0
55	0
56	0
57	0
58	0
59	0
60	0
61	0
62	0
63	0
64	0
Pro delku prefixu 64 pocet 64
