====================
Turn words -- Mu_Berstel09_word
====================
1
0
11
00
101
000
0110
1001
0000
10001
11011
110011
001100
100001
1100011
0110110
01100110
00011000
11000011
011000110
001101100
0110000110
00110001100
001100001100
000110011011000
000110110011000
10110001100001101
00001101100110000
001100110110001100
1001100011000011001
1101100011000011011
0011000011011001100
1000011011001100001
1001100001100011001
110011000110000110011
011011000110000110110
110000110110011000011
110011000011000110011
0000110011011000110000
01100110001100001100110
10001100001100110110001
00110110001100001101100
01100001101100110000110
01100110000110001100110
100001100110110001100001
1011001100011000011001101
1100011000011001101100011
1001101100011000011011001
1011001100001100011001101
00011000011001101100011000
11000011001101100011000011
011000110000110011011000110
110011011000110000110110011
000110000110110011000011000
110110011000011000110011011
0110000110011011000110000110
01100110110001100001101100110
10001100001101100110000110001
01101100110000110001100110110
1100011000011011001100001100011
0011011001100001100011001101100
000110011011000110000110110011000
011000110000110110011000011000110
0011000011001101100011000011011001100001100
00110001100001100110110001100001101100110000110001100
1001100011000011001101100011000011011001100001100011001
110011000110000110011011000110000110110011000011000110011
01100110001100001100110110001100001101100110000110001100110
1011001100011000011001101100011000011011001100001100011001101
0	0
1	2
2	2
3	2
4	3
5	2
6	3
7	2
8	3
9	2
10	1
11	1
12	1
13	0
14	0
15	2
16	0
17	2
18	1
19	5
20	0
21	4
22	1
23	5
24	1
25	4
26	2
27	4
28	1
29	3
30	0
31	2
32	0
33	2
34	0
35	0
36	0
37	0
38	0
39	0
40	0
41	0
42	0
43	1
44	0
45	0
46	0
47	0
48	0
49	0
50	0
51	0
52	0
53	1
54	0
55	1
56	0
57	1
58	0
59	1
60	0
61	1
62	0
63	0
64	0
Pro delku prefixu 64 pocet 69
