====================
Turn words -- Thue_Morse_Word
====================
0
1
11
00
101
010
0110
1001
001100
101101
010010
110011
11010011
10011001
11001011
01011010
10100101
00101100
01100110
00110100
0110100110
0100110010
0110010110
0010110100
1101001011
1001011001
1011001101
1001101001
101001100101
100101101001
011010010110
010110011010
11010011001011
00101100110100
0110100110010110
1001011001101001
001101001100101100
10011010011001011001
1100110100110010110011
011001101001100101100110
11001011010010110011010011
10110011010011001011001101
11001011001101001011010011
0110010110100101100110100110
0101100110100110010110011010
0110010110011010010110100110
001100101101001011001101001100
001011001101001100101100110100
001100101100110100101101001100
10011001011010010110011010011001
10010110011010011001011001101001
10011001011001101001011010011001
0100110010110100101100110100110010
0100101100110100110010110011010010
0100110010110011010010110100110010
101001100101101001011001101001100101
101001011001101001100101100110100101
101001100101100110100101101001100101
11010011001011010010110011010011001011
11010010110011010011001011001101001011
11010011001011001101001011010011001011
0110100110010110100101100110100110010110
0110100101100110100110010110011010010110
0110100110010110011010010110100110010110
101101001011001101001100101100110100101101
01011010010110011010011001011001101001011010
0010110100101100110100110010110011010010110100
100101101001011001101001100101100110100101101001
11001011010010110011010011001011001101001011010011
0110010110100101100110100110010110011010010110100110
001100101101001011001101001100101100110100101101001100
10011001011010010110011010011001011001101001011010011001
0100110010110100101100110100110010110011010010110100110010
101001100101101001011001101001100101100110100101101001100101
11010011001011010010110011010011001011001101001011010011001011
0110100110010110100101100110100110010110011010010110100110010110
0	0
1	2
2	2
3	2
4	2
5	0
6	4
7	0
8	8
9	0
10	8
11	0
12	4
13	0
14	2
15	0
16	2
17	0
18	1
19	0
20	1
21	0
22	1
23	0
24	1
25	0
26	3
27	0
28	3
29	0
30	3
31	0
32	3
33	0
34	3
35	0
36	3
37	0
38	3
39	0
40	3
41	0
42	1
43	0
44	1
45	0
46	1
47	0
48	1
49	0
50	1
51	0
52	1
53	0
54	1
55	0
56	1
57	0
58	1
59	0
60	1
61	0
62	1
63	0
64	1
Pro delku prefixu 64 pocet 76
