====================
Privileges words -- Kappa_word
====================
0
1
00
11
010
101
000
0110
0000
00000
100001
1000001
00101100
1100001011
0001011000
01011000010
10110000101
11000001011
011000010110
000010110000
010110000010
101100000101
0110000010110
0010110000101100
00101100000101100
000101100001011000
0001011000001011000
00001011000010110000
000010110000010110000
0000010110000101100000
10000101100000101100001
100000101100001011000001
110000101100000101100001011
0101100001011000001011000010
1011000010110000010110000101
1100000101100001011000001011
01100001011000001011000010110
01011000001011000010110000010
10110000010110000101100000101
011000001011000010110000010110
001011000010110000010110000101100
0010110000010110000101100000101100
00010110000101100000101100001011000
000101100000101100001011000001011000
0000101100001011000001011000010110000
00001011000001011000010110000010110000
000001011000010110000010110000101100000
1000010110000010110000101100000101100001
10000010110000101100000101100001011000001
11000010110000010110000101100000101100001011
010110000101100000101100001011000001011000010
101100001011000001011000010110000010110000101
110000010110000101100000101100001011000001011
0110000101100000101100001011000001011000010110
0101100000101100001011000001011000010110000010
1011000001011000010110000010110000101100000101
01100000101100001011000001011000010110000010110
00101100001011000001011000010110000010110000101100
001011000001011000010110000010110000101100000101100
00010110000010110000101100000101100001011000001011000
0000101100000101100001011000001011000010110000010110000
100001011000001011000010110000010110000101100000101100001
01011000010110000010110000101100000101100001011000001011000010
10110000101100000101100001011000001011000010110000010110000101
0	0
1	2
2	2
3	3
4	2
5	1
6	1
7	1
8	1
9	0
10	2
11	3
12	4
13	1
14	0
15	0
16	1
17	1
18	1
19	1
20	1
21	1
22	1
23	1
24	1
25	0
26	0
27	1
28	3
29	3
30	1
31	0
32	0
33	1
34	1
35	1
36	1
37	1
38	1
39	1
40	1
41	1
42	0
43	0
44	1
45	3
46	3
47	1
48	0
49	0
50	1
51	1
52	0
53	1
54	0
55	1
56	0
57	1
58	0
59	0
60	0
61	0
62	2
63	0
64	0
Pro delku prefixu 64 pocet 64
