====================
Privileges words -- Lambda_Chacon_word
====================
0
1
00
010
000
101
1001
00100
10001
01010
010010
0100010
0010100
0001000
10100101
001000100
100010001
100101001
0101001010
01000100010
01001010010
000101001000
001010010100
101001000101
1001000101001
00100010100100
10001010010001
01010010001010
010010001010010
0100010100100010
1010010001000101
0010100100010100
10010001000101001
00010100101001000
010100100010001010
0100100010001010010
0010001010010100100
1000101001010010001
00101001000100010100
00010001010010001000
010001010010100100010
0010001000101001000100
1000100010100100010001
010001000101001000100010
0001010010001000101001000
001000101001000100010100100
100010100100010001010010001
01000101001000100010100100010
10100100010001010010001000101
0101001000100010100100010001010
001010010001000101001000100010100
0001000101001010010001010010001000
001000100010100101001000101001000100
100010001010010100100010100100010001
01000100010100101001000101001000100010
000101001000100010100101001000101001000
00100010100100010001010010100100010100100
10001010010001000101001010010001010010001
0100010100100010001010010100100010100100010
1010010001000101001010010001010010001000101
10010001000101001010010001010010001000101001
010100100010001010010100100010100100010001010
0100100010001010010100100010100100010001010010
00101001000100010100101001000101001000100010100
0	0
1	2
2	1
3	3
4	1
5	3
6	1
7	3
8	1
9	3
10	1
11	2
12	3
13	1
14	3
15	1
16	3
17	2
18	1
19	3
20	2
21	1
22	2
23	0
24	1
25	1
26	0
27	2
28	0
29	2
30	0
31	1
32	0
33	1
34	1
35	0
36	2
37	0
38	1
39	1
40	0
41	2
42	0
43	2
44	1
45	1
46	1
47	1
48	0
49	0
50	0
51	0
52	0
53	0
54	0
55	0
56	0
57	0
58	0
59	0
60	0
61	0
62	0
63	0
64	0
Pro delku prefixu 64 pocet 64
