====================
Privileges words -- Pseudo_Fib_word
====================
0
1
11
00
010
101
0110
1001
110011
001100
11001011
00101100
01100110
10011001
010110010
101100101
0110010110
1001011001
0101100110010
1011001100101
11001011001011
00101100101100
0110010110010110
1001011001011001
1100110010110011
0011001011001100
110010110011001011
001011001100101100
011001100101100110
100110010110011001
01100101100110010110
10010110011001011001
1100110010110010110011
0011001011001011001100
01011001100101100110010
10110011001011001100101
011001100101100101100110
100110010110010110011001
0101100101100110010110010
1011001011001100101100101
1100101100110010110011001011
0010110011001011001100101100
01011001100101100101100110010
10110011001011001011001100101
011001011001100101100110010110
100101100110010110011001011001
110010110010110011001011001011
001011001011001100101100101100
01100101100101100110010110010110
10010110010110011001011001011001
1100101100110010110010110011001011
0010110011001011001011001100101100
01011001011001100101100110010110010
10110010110011001011001100101100101
011001011001100101100101100110010110
100101100110010110010110011001011001
11001100101100101100110010110010110011
00110010110010110011001011001011001100
1100101100101100110010110011001011001011
0010110010110011001011001100101100101100
0110011001011001011001100101100101100110
1001100101100101100110010110010110011001
011001011001011001100101100110010110010110
100101100101100110010110011001011001011001
110011001011001100101100101100110010110011
001100101100110010110010110011001011001100
01100110010110011001011001011001100101100110
10011001011001100101100101100110010110011001
010110011001011001011001100101100101100110010
101100110010110010110011001011001011001100101
110011001011001011001100101100110010110010110011
001100101100101100110010110011001011001011001100
0101100110010110011001011001011001100101100110010
1011001100101100110010110010110011001011001100101
01100110010110010110011001011001100101100101100110
10011001011001011001100101100110010110010110011001
11001011001100101100101100110010110010110011001011
00101100110010110010110011001011001011001100101100
0110010110011001011001011001100101100101100110010110
1001011001100101100101100110010110010110011001011001
110010110011001011001100101100101100110010110011001011
001011001100101100110010110010110011001011001100101100
0101100110010110010110011001011001100101100101100110010
1011001100101100101100110010110011001011001011001100101
01100101100110010110011001011001011001100101100110010110
10010110011001011001100101100101100110010110011001011001
1100110010110011001011001011001100101100101100110010110011
0011001011001100101100101100110010110010110011001011001100
110010110011001011001011001100101100110010110010110011001011
001011001100101100101100110010110011001011001011001100101100
011001100101100110010110010110011001011001011001100101100110
100110010110011001011001011001100101100101100110010110011001
0101100101100110010110011001011001011001100101100110010110010
1011001011001100101100110010110010110011001011001100101100101
01100101100110010110010110011001011001100101100101100110010110
10010110011001011001011001100101100110010110010110011001011001
01011001100101100110010110010110011001011001011001100101100110010
10110011001011001100101100101100110010110010110011001011001100101
110010110010110011001011001100101100101100110010110011001011001011
001011001011001100101100110010110010110011001011001100101100101100
01100101100101100110010110011001011001011001100101100110010110010110
10010110010110011001011001100101100101100110010110011001011001011001
1100101100110010110011001011001011001100101100101100110010110011001011
0010110011001011001100101100101100110010110010110011001011001100101100
011001011001100101100110010110010110011001011001011001100101100110010110
100101100110010110011001011001011001100101100101100110010110011001011001
11001100101100101100110010110011001011001011001100101100110010110010110011
00110010110010110011001011001100101100101100110010110011001011001011001100
0110011001011001011001100101100110010110010110011001011001100101100101100110
1001100101100101100110010110011001011001011001100101100110010110010110011001
01011001011001100101100110010110010110011001011001011001100101100110010110010
10110010110011001011001100101100101100110010110010110011001011001100101100101
010110011001011001011001100101100110010110010110011001011001100101100101100110010
101100110010110010110011001011001100101100101100110010110011001011001011001100101
1100101100101100110010110011001011001011001100101100101100110010110011001011001011
0010110010110011001011001100101100101100110010110010110011001011001100101100101100
011001011001011001100101100110010110010110011001011001011001100101100110010110010110
100101100101100110010110011001011001011001100101100101100110010110011001011001011001
110011001011001011001100101100110010110010110011001011001011001100101100110010110010110011
001100101100101100110010110011001011001011001100101100101100110010110011001011001011001100
01100110010110010110011001011001100101100101100110010110010110011001011001100101100101100110
10011001011001011001100101100110010110010110011001011001011001100101100110010110010110011001
0101100110010110010110011001011001100101100101100110010110010110011001011001100101100101100110010
1011001100101100101100110010110011001011001011001100101100101100110010110011001011001011001100101
110010110011001011001011001100101100110010110010110011001011001011001100101100110010110010110011001011
001011001100101100101100110010110011001011001011001100101100101100110010110011001011001011001100101100
01100101100110010110010110011001011001100101100101100110010110010110011001011001100101100101100110010110
10010110011001011001011001100101100110010110010110011001011001011001100101100110010110010110011001011001
0	0
1	2
2	2
3	2
4	2
5	0
6	2
7	0
8	4
9	2
10	2
11	0
12	0
13	2
14	2
15	0
16	4
17	0
18	4
19	0
20	2
21	0
22	2
23	2
24	2
25	2
26	0
27	0
28	2
29	2
30	4
31	0
32	2
33	0
34	2
35	2
36	2
37	0
38	2
39	0
40	4
41	0
42	4
43	0
44	2
45	2
46	0
47	0
48	2
49	2
50	4
51	0
52	2
53	0
54	2
55	2
56	2
57	0
58	2
59	0
60	4
61	2
62	2
63	0
64	0
65	2
66	2
67	0
68	2
69	0
70	2
71	0
72	2
73	0
74	2
75	0
76	2
77	2
78	0
79	0
80	0
81	2
82	2
83	0
84	2
85	0
86	0
87	0
88	0
89	0
90	2
91	0
92	2
93	0
94	0
95	0
96	0
97	2
98	0
99	0
100	0
101	0
102	2
103	0
104	2
105	0
106	0
107	0
108	0
109	0
110	0
111	0
112	0
113	0
114	0
115	0
116	0
117	0
118	0
119	0
120	0
121	0
122	0
123	0
124	0
125	0
126	0
127	0
128	0
Pro delku prefixu 128 pocet 128
