====================
Privileges words -- Rudin_Shapir_Word
====================
0
1
2
3
010
020
131
101
232
202
313
323
10201
01310
02320
20102
13231
31013
32023
23132
3101023
0201020
2013132
1013101
2320232
1320201
201310102
102320201
013132310
310102013
023231320
320201023
01020131010
01023202010
32020102013
13132310131
23101310102
13101020131
10102013101
10232023231
20232313202
20201023202
0131010201310
020131010232020
232313202010232
1310102320201020131
0102013132310131010
0201313231013101020
0102320232313202010
102013101023202010201
102013132310131010201
023202323132020102320
10102320201020131323101
02013101023202323132020
323101310102013101023202323
01310102320201020131323101310
3132310131010201310102320232313
23202010201313231013101020131010232
20201020131323101310102013101023202
0232020102013132310131010201310102320
310102320201020131323101310102013101023
20131010232020102013132310131010201310102
0102013101023202010201313231013101020131010
201020131323101310102013101023202323132020102
0	0
1	4
2	0
3	8
4	0
5	8
6	0
7	6
8	0
9	6
10	0
11	10
12	0
13	1
14	0
15	2
16	0
17	0
18	0
19	4
20	0
21	3
22	0
23	2
24	0
25	0
26	0
27	1
28	0
29	1
30	0
31	1
32	0
33	0
34	0
35	2
36	0
37	1
38	0
39	1
40	0
41	1
42	0
43	1
44	0
45	1
46	0
47	0
48	0
49	0
50	0
51	0
52	0
53	0
54	0
55	0
56	0
57	0
58	0
59	0
60	0
61	0
62	0
63	0
64	0
Pro delku prefixu 64 pocet 64
