====================
Privileges words -- Thue_Morse_Word
====================
0
1
11
00
101
010
0110
1001
001100
101101
010010
110011
11010011
10011001
11001011
01011010
10100101
00101100
01100110
00110100
0110100110
0100110010
0110010110
0010110100
1101001011
1001011001
1011001101
1001101001
101001100101
100101101001
011010010110
010110011010
1100110100110010110011
001011001101001100101100
011001101001100101100110
001101001100101100110100
10010110011010011001011001
10110011010011001011001101
10011010011001011001101001
0101100110100110010110011010
001100101101001011001101001100
001100101100110100101101001100
11010011001011010010110011010011
10011001011010010110011010011001
11001011010010110011010011001011
11010011001011001101001011010011
10011001011001101001011010011001
11001011001101001011010011001011
0110100110010110100101100110100110
0100110010110100101100110100110010
0110010110100101100110100110010110
0100101100110100110010110011010010
0110100110010110011010010110100110
0100110010110011010010110100110010
0110010110011010010110100110010110
101001100101101001011001101001100101
101001011001101001100101100110100101
101001100101100110100101101001100101
11010010110011010011001011001101001011
0110100101100110100110010110011010010110
101101001011001101001100101100110100101101
01011010010110011010011001011001101001011010
0010110100101100110100110010110011010010110100
100101101001011001101001100101100110100101101001
0	0
1	2
2	2
3	2
4	2
5	0
6	4
7	0
8	8
9	0
10	8
11	0
12	4
13	0
14	0
15	0
16	0
17	0
18	0
19	0
20	0
21	0
22	1
23	0
24	3
25	0
26	3
27	0
28	1
29	0
30	2
31	0
32	6
33	0
34	7
35	0
36	3
37	0
38	1
39	0
40	1
41	0
42	1
43	0
44	1
45	0
46	1
47	0
48	1
49	0
50	0
51	0
52	0
53	0
54	0
55	0
56	0
57	0
58	0
59	0
60	0
61	0
62	0
63	0
64	0
Pro delku prefixu 64 pocet 64
