====================
Palindroms -- Beta_word
====================
0
1
2
00
202
000
0000
12021
10001
00000
000000
0120210
2100012
10000001
001202100
021000120
2100000012
20210001202
00012021000
021000000120
1202100012021
0000120210000
1000120210001
20210000001202
012021000120210
000001202100000
210001202100012
1202100000012021
00120210001202100
00000012021000000
02100012021000120
012021000000120210
1000000120210000001
0001202100012021000
2021000120210001202
00120210000001202100
210000001202100000012
120210001202100012021
0001202100000012021000
02100000012021000000120
01202100012021000120210
2021000000120210000001202
0012021000120210001202100
120210000001202100000012021
000120210001202100012021000
01202100000012021000000120210
00001202100012021000120210000
0012021000000120210000001202100
0000012021000120210001202100000
000120210000001202100000012021000
000000120210001202100012021000000
10001202100000012021000000120210001
10000001202100012021000120210000001
2100012021000000120210000001202100012
2100000012021000120210001202100000012
021000120210000001202100000012021000120
021000000120210001202100012021000000120
20210001202100000012021000000120210001202
20210000001202100012021000120210000001202
1202100012021000000120210000001202100012021
1202100000012021000120210001202100000012021
012021000120210000001202100000012021000120210
00120210001202100000012021000000120210001202100
0	0
1	3
2	1
3	2
4	1
5	3
6	1
7	2
8	1
9	2
10	1
11	2
12	1
13	3
14	1
15	3
16	1
17	3
18	1
19	3
20	1
21	2
22	1
23	2
24	0
25	2
26	0
27	2
28	0
29	2
30	0
31	2
32	0
33	2
34	0
35	2
36	0
37	2
38	0
39	2
40	0
41	2
42	0
43	2
44	0
45	1
46	0
47	1
48	0
49	0
50	0
51	0
52	0
53	0
54	0
55	0
56	0
57	0
58	0
59	0
60	0
61	0
62	0
63	0
64	0
Pro delku prefixu 64 pocet 63
