====================
Palindromes -- Fibonnaci_Word
====================
0
1
00
010
101
1001
01010
00100
010010
0010100
1001001
10100101
100101001
010010010
0101001010
01001010010
10100100101
001010010100
0101001001010
0010010100100
10010100101001
001010010010100
100100101001001
0100101001010010
10010100100101001
01001001010010010
001001010010100100
0100101001001010010
1010010010100100101
10010010100101001001
010100100101001001010
101001010010010100101
0100100101001010010010
00101001001010010010100
01010010100100101001010
101001001010010100100101
1001010010010100100101001
0010100101001001010010100
01010010010100101001001010
010010100100101001001010010
100101001010010010100101001
0010100100101001010010010100
10100101001001010010010100101
01001010010100100101001010010
100101001001010010100100101001
0101001010010010100100101001010
0010010100101001001010010100100
01001010010010100101001001010010
001010010100100101001001010010100
100100101001010010010100101001001
0010010100100101001010010010100100
10010100101001001010010010100101001
01001001010010100100101001010010010
100100101001001010010100100101001001
0100101001010010010100100101001010010
1010010010100101001001010010100100101
01001001010010010100101001001010010010
001001010010100100101001001010010100100
010100100101001010010010100101001001010
1010010010100100101001010010010100100101
10010010100101001001010010010100101001001
00101001001010010100100101001010010010100
010100100101001001010010100100101001001010
0100100101001010010010100100101001010010010
1001010010010100101001001010010100100101001
00101001001010010010100101001001010010010100
101001001010010100100101001001010010100100101
010010100100101001010010010100101001001010010
1001010010010100100101001010010010100100101001
01010010010100101001001010010010100101001001010
00100101001001010010100100101001010010010100100
010010100100101001001010010100100101001001010010
0010100100101001010010010100100101001010010010100
1001001010010010100101001001010010100100101001001
10100101001001010010010100101001001010010010100101
100101001001010010100100101001001010010100100101001
010010010100100101001010010010100101001001010010010
0101001010010010100100101001010010010100100101001010
01001010010010100101001001010010010100101001001010010
10100100101001001010010100100101001010010010100100101
001010010100100101001001010010100100101001001010010100
0101001001010010010100101001001010010100100101001001010
1010010100100101001010010010100100101001010010010100101
10010100101001001010010010100101001001010010010100101001
001010010010100100101001010010010100101001001010010010100
010100101001001010010100100101001001010010100100101001010
0100101001010010010100100101001010010010100100101001010010
10010100100101001001010010100100101001010010010100100101001
00101001010010010100101001001010010010100101001001010010100
001001010010100100101001001010010100100101001001010010100100
0100101001001010010010100101001001010010100100101001001010010
1001010010100100101001010010010100100101001010010010100101001
10010010100101001001010010010100101001001010010010100101001001
101001010010010100100101001010010010100101001001010010010100101
010010100101001001010010100100101001001010010100100101001010010
0100100101001010010010100100101001010010010100100101001010010010
01010010100100101001001010010100100101001010010010100100101001010
00100101001010010010100101001001010010010100101001001010010100100
101001001010010100100101001001010010100100101001001010010100100101
0010100101001001010010010100101001001010010100100101001001010010100
1001001010010100100101001010010010100100101001010010010100101001001
01010010010100101001001010010010100101001001010010010100101001001010
100101001010010010100100101001010010010100101001001010010010100101001
010010010100101001001010010100100101001001010010100100101001010010010
0010100100101001010010010100100101001010010010100100101001010010010100
01001010010100100101001001010010100100101001010010010100100101001010010
10100100101001010010010100101001001010010010100101001001010010100100101
100101001001010010100100101001001010010100100101001001010010100100101001
0010010100101001001010010010100101001001010010100100101001001010010100100
0101001001010010100100101001010010010100100101001010010010100101001001010
01001010010010100101001001010010010100101001001010010010100101001001010010
100100101001010010010100100101001010010010100101001001010010010100101001001
001010010010100101001001010010100100101001001010010100100101001010010010100
1010010100100101001010010010100100101001010010010100100101001010010010100101
01001001010010100100101001001010010100100101001010010010100100101001010010010
10010100100101001010010010100101001001010010010100101001001010010100100101001
010100101001001010010100100101001001010010100100101001001010010100100101001010
1010010010100101001001010010010100101001001010010100100101001001010010100100101
0100101001001010010100100101001010010010100100101001010010010100101001001010010
00101001010010010100101001001010010010100101001001010010010100101001001010010100
010100100101001010010010100100101001010010010100101001001010010010100101001001010
001001010010010100101001001010010100100101001001010010100100101001010010010100100
1001010010100100101001010010010100100101001010010010100100101001010010010100101001
00101001001010010100100101001001010010100100101001010010010100100101001010010010100
10010010100100101001010010010100101001001010010010100101001001010010100100101001001
010010100101001001010010100100101001001010010100100101001001010010100100101001010010
1001010010010100101001001010010010100101001001010010100100101001001010010100100101001
0100100101001001010010100100101001010010010100100101001010010010100101001001010010010
00100101001010010010100101001001010010010100101001001010010010100101001001010010100100
010010100100101001010010010100100101001010010010100101001001010010010100101001001010010
101001001010010010100101001001010010100100101001001010010100100101001010010010100100101
1001001010010100100101001010010010100100101001010010010100100101001010010010100101001001
01010010010100100101001010010010100101001001010010010100101001001010010100100101001001010
010010010100101001001010010100100101001001010010100100101001001010010100100101001010010010
0010100100101001001010010100100101001010010010100100101001010010010100101001001010010010100
10100100101001010010010100101001001010010010100101001001010010010100101001001010010100100101
100101001001010010010100101001001010010100100101001001010010100100101001010010010100100101001
0101001001010010100100101001010010010100100101001010010010100100101001010010010100101001001010
01001010010010100100101001010010010100101001001010010010100101001001010010100100101001001010010
001010010010100101001001010010100100101001001010010100100101001001010010100100101001010010010100
1010010100100101001001010010100100101001010010010100100101001010010010100101001001010010010100101
10010100100101001010010010100101001001010010010100101001001010010010100101001001010010100100101001
010100101001001010010010100101001001010010100100101001001010010100100101001010010010100100101001010
0100101001001010010100100101001010010010100100101001010010010100100101001010010010100101001001010010
00101001010010010100100101001010010010100101001001010010010100101001001010010100100101001001010010100
001001010010010100101001001010010100100101001001010010100100101001001010010100100101001010010010100100
1001010010100100101001001010010100100101001010010010100100101001010010010100101001001010010010100101001
10010010100100101001010010010100101001001010010010100101001001010010010100101001001010010100100101001001
010010100101001001010010010100101001001010010100100101001001010010100100101001010010010100100101001010010
0100100101001001010010100100101001010010010100100101001010010010100100101001010010010100101001001010010010
00100101001010010010100100101001010010010100101001001010010010100101001001010010100100101001001010010100100
101001001010010010100101001001010010100100101001001010010100100101001001010010100100101001010010010100100101
1001001010010100100101001001010010100100101001010010010100100101001010010010100101001001010010010100101001001
01010010010100100101001010010010100101001001010010010100101001001010010010100101001001010010100100101001001010
010010010100101001001010010010100101001001010010100100101001001010010100100101001010010010100100101001010010010
0010100100101001001010010100100101001010010010100100101001010010010100100101001010010010100101001001010010010100
10100100101001010010010100100101001010010010100101001001010010010100101001001010010100100101001001010010100100101
100101001001010010010100101001001010010100100101001001010010100100101001001010010100100101001010010010100100101001
0101001001010010100100101001001010010100100101001010010010100100101001010010010100101001001010010010100101001001010
01001010010010100100101001010010010100101001001010010010100101001001010010010100101001001010010100100101001001010010
001010010010100101001001010010010100101001001010010100100101001001010010100100101001010010010100100101001010010010100
1010010100100101001001010010100100101001010010010100100101001010010010100100101001010010010100101001001010010010100101
10010100100101001010010010100100101001010010010100101001001010010010100101001001010010100100101001001010010100100101001
010100101001001010010010100101001001010010100100101001001010010100100101001001010010100100101001010010010100100101001010
0100101001001010010100100101001001010010100100101001010010010100100101001010010010100101001001010010010100101001001010010
00101001010010010100100101001010010010100101001001010010010100101001001010010010100101001001010010100100101001001010010100
001001010010010100101001001010010010100101001001010010100100101001001010010100100101001010010010100100101001010010010100100
1001010010100100101001001010010100100101001010010010100100101001010010010100100101001010010010100101001001010010010100101001
10010010100100101001010010010100100101001010010010100101001001010010010100101001001010010100100101001001010010100100101001001
010010100101001001010010010100101001001010010100100101001001010010100100101001001010010100100101001010010010100100101001010010
0100100101001001010010100100101001001010010100100101001010010010100100101001010010010100101001001010010010100101001001010010010
00100101001010010010100100101001010010010100101001001010010010100101001001010010010100101001001010010100100101001001010010100100
101001001010010010100101001001010010010100101001001010010100100101001001010010100100101001010010010100100101001010010010100100101
1001001010010100100101001001010010100100101001010010010100100101001010010010100100101001010010010100101001001010010010100101001001
01010010010100100101001010010010100100101001010010010100101001001010010010100101001001010010100100101001001010010100100101001001010
010010010100101001001010010010100101001001010010100100101001001010010100100101001001010010100100101001010010010100100101001010010010
0010100100101001001010010100100101001001010010100100101001010010010100100101001010010010100101001001010010010100101001001010010010100
10100100101001010010010100100101001010010010100101001001010010010100101001001010010010100101001001010010100100101001001010010100100101
100101001001010010010100101001001010010010100101001001010010100100101001001010010100100101001010010010100100101001010010010100100101001
0101001001010010100100101001001010010100100101001010010010100100101001010010010100100101001010010010100101001001010010010100101001001010
01001010010010100100101001010010010100100101001010010010100101001001010010010100101001001010010100100101001001010010100100101001001010010
001010010010100101001001010010010100101001001010010100100101001001010010100100101001001010010100100101001010010010100100101001010010010100
1010010100100101001001010010100100101001001010010100100101001010010010100100101001010010010100101001001010010010100101001001010010010100101
10010100100101001010010010100100101001010010010100101001001010010010100101001001010010010100101001001010010100100101001001010010100100101001
010100101001001010010010100101001001010010010100101001001010010100100101001001010010100100101001010010010100100101001010010010100100101001010
0100101001001010010100100101001001010010100100101001010010010100100101001010010010100100101001010010010100101001001010010010100101001001010010
00101001010010010100100101001010010010100100101001010010010100101001001010010010100101001001010010100100101001001010010100100101001001010010100
1001010010100100101001001010010100100101001001010010100100101001010010010100100101001010010010100101001001010010010100101001001010010010100101001
010010100101001001010010010100101001001010010010100101001001010010100100101001001010010100100101001010010010100100101001010010010100100101001010010
00100101001010010010100100101001010010010100100101001010010010100101001001010010010100101001001010010100100101001001010010100100101001001010010100100
1001001010010100100101001001010010100100101001001010010100100101001010010010100100101001010010010100101001001010010010100101001001010010010100101001001
010010010100101001001010010010100101001001010010010100101001001010010100100101001001010010100100101001010010010100100101001010010010100100101001010010010
10100100101001010010010100100101001010010010100100101001010010010100101001001010010010100101001001010010100100101001001010010100100101001001010010100100101
0101001001010010100100101001001010010100100101001001010010100100101001010010010100100101001010010010100101001001010010010100101001001010010010100101001001010
001010010010100101001001010010010100101001001010010010100101001001010010100100101001001010010100100101001010010010100100101001010010010100100101001010010010100
10010100100101001010010010100100101001010010010100100101001010010010100101001001010010010100101001001010010100100101001001010010100100101001001010010100100101001
0100101001001010010100100101001001010010100100101001001010010100100101001010010010100100101001010010010100101001001010010010100101001001010010010100101001001010010
101001010010010100101001001010010010100101001001010010010100101001001010010100100101001001010010100100101001010010010100100101001010010010100100101001010010010100101
01010010100100101001010010010100100101001010010010100100101001010010010100101001001010010010100101001001010010100100101001001010010100100101001001010010100100101001010
0010100101001001010010100100101001001010010100100101001001010010100100101001010010010100100101001010010010100101001001010010010100101001001010010010100101001001010010100
0	0
1	2
2	1
3	2
4	1
5	2
6	1
7	2
8	1
9	2
10	1
11	2
12	1
13	2
14	1
15	2
16	1
17	2
18	1
19	2
20	1
21	2
22	1
23	2
24	1
25	2
26	1
27	2
28	1
29	2
30	1
31	2
32	1
33	2
34	1
35	2
36	1
37	2
38	1
39	2
40	1
41	2
42	1
43	2
44	1
45	2
46	1
47	2
48	1
49	2
50	1
51	2
52	1
53	2
54	1
55	2
56	1
57	2
58	1
59	2
60	1
61	2
62	1
63	2
64	1
65	2
66	1
67	2
68	1
69	2
70	1
71	2
72	1
73	2
74	1
75	2
76	1
77	2
78	1
79	2
80	1
81	2
82	1
83	2
84	1
85	2
86	1
87	2
88	1
89	1
90	1
91	1
92	1
93	1
94	1
95	1
96	1
97	1
98	1
99	1
100	1
101	1
102	1
103	1
104	1
105	1
106	1
107	1
108	1
109	1
110	1
111	1
112	1
113	1
114	1
115	1
116	1
117	1
118	1
119	1
120	1
121	1
122	1
123	1
124	1
125	1
126	1
127	1
128	1
129	1
130	1
131	1
132	1
133	1
134	1
135	1
136	1
137	1
138	1
139	1
140	1
141	1
142	1
143	1
144	0
145	1
146	0
147	1
148	0
149	1
150	0
151	1
152	0
153	1
154	0
155	1
156	0
157	1
158	0
159	1
160	0
161	1
162	0
163	1
164	0
165	1
166	0
167	1
168	0
169	1
170	0
171	0
172	0
173	0
174	0
175	0
176	0
177	0
178	0
179	0
180	0
181	0
182	0
183	0
184	0
185	0
186	0
187	0
188	0
189	0
190	0
191	0
192	0
193	0
194	0
195	0
196	0
197	0
198	0
199	0
200	0
Pro delku prefixu 200 pocet 200
