====================
Palindroms -- Thue_Morse_Word
====================
0
1
11
00
101
010
0110
1001
001100
101101
010010
110011
10011001
01011010
10100101
01100110
0100110010
0010110100
1101001011
1011001101
101001100101
100101101001
011010010110
010110011010
11010011001011
00101100110100
0110100110010110
1001011001101001
001101001100101100
101101001100101101
010010110011010010
10011010011001011001
01011010011001011010
10100101100110100101
1100110100110010110011
0010110100110010110100
1101001011001101001011
011001101001100101100110
100101101001100101101001
011010010110011010010110
10110011010011001011001101
01001011010011001011010010
10110100101100110100101101
0101100110100110010110011010
1010010110100110010110100101
0101101001011001101001011010
001011001101001100101100110100
110100101101001100101101001011
001011010010110011010010110100
10010110011010011001011001101001
01101001011010011001011010010110
10010110100101100110100101101001
0100101100110100110010110011010010
0011010010110100110010110100101100
1100101101001011001101001011010011
101001011001101001100101100110100101
100110100101101001100101101001011001
011001011010010110011010010110100110
11010010110011010011001011001101001011
11001101001011010011001011010010110011
00110010110100101100110100101101001100
0110100101100110100110010110011010010110
0110011010010110100110010110100101100110
1001100101101001011001101001011010011001
101101001011001101001100101100110100101101
101100110100101101001100101101001011001101
010011001011010010110011010010110100110010
01011010010110011010011001011001101001011010
01011001101001011010011001011010010110011010
10100110010110100101100110100101101001100101
0010110100101100110100110010110011010010110100
0010110011010010110100110010110100101100110100
1101001100101101001011001101001011010011001011
100101101001011001101001100101100110100101101001
100101100110100101101001100101101001011001101001
011010011001011010010110011010010110100110010110
11001011010010110011010011001011001101001011010011
0110010110100101100110100110010110011010010110100110
001100101101001011001101001100101100110100101101001100
10011001011010010110011010011001011001101001011010011001
0100110010110100101100110100110010110011010010110100110010
101001100101101001011001101001100101100110100101101001100101
11010011001011010010110011010011001011001101001011010011001011
0110100110010110100101100110100110010110011010010110100110010110
0	0
1	2
2	2
3	2
4	2
5	0
6	4
7	0
8	4
9	0
10	4
11	0
12	4
13	0
14	2
15	0
16	2
17	0
18	3
19	0
20	3
21	0
22	3
23	0
24	3
25	0
26	3
27	0
28	3
29	0
30	3
31	0
32	3
33	0
34	3
35	0
36	3
37	0
38	3
39	0
40	3
41	0
42	3
43	0
44	3
45	0
46	3
47	0
48	3
49	0
50	1
51	0
52	1
53	0
54	1
55	0
56	1
57	0
58	1
59	0
60	1
61	0
62	1
63	0
64	1
65	0
66	0
67	0
68	0
69	0
70	0
71	0
72	0
73	0
74	0
75	0
76	0
77	0
78	0
79	0
80	0
81	0
82	0
83	0
84	0
85	0
86	0
87	0
88	0
89	0
90	0
91	0
92	0
93	0
94	0
95	0
96	0
97	0
98	0
99	0
100	0
Pro delku prefixu 100 pocet 84
