e 0
e 1
0 00
0 010
0 0110
0 01110
00 000
00 00100
00 0011100
00 0011101100
00 0011101101100
000 000111011000
000 000100100111000
000 000100111011011000
000100111011011000 000100111011011000100100111000100111011011000
00100 00100100
00100 00100111000100
00100 00100111011011000100
00100111000100 00100111000100111011011000100100111000100
0011100 0011100010011101101100010010011100
0011101101100 0011101101100010010011100010011101101100
010 010010
010 010011100010
010 010011101101100010
010011100010 010011100010011101101100010010011100010
0110 0110110
0110 0110001110110
0110 0110001001001110001001110110
0110110 0110110001001001110001001110110110
01110 01110001001110
01110 01110110110001110
01110 01110110110001001001110
01110001001110 01110001001110110110001001001110001001110
1 11
1 101
1 1001
1 10001
11 111
11 11011
11 1100011
11 1100010011
11 1100010010011
111 111000100111
111 111011011000111
111 111011011000100100111
111000100111 111000100111011011000100100111000100111
11011 11011011
11011 11011000111011
11011 11011000100100111000100111011
11011011 11011011000100100111000100111011011
1100011 1100011101100011
1100010011 1100010011101101100010010011100010011
101 101101
101 101100011101
101 101100010010011100010011101
101101 101101100010010011100010011101101
1001 1001001
1001 1001110001001
1001 1001110110110001001
1001110001001 1001110001001110110110001001001110001001
10001 10001110110001
10001 10001001001110001
10001 10001001110110110001
10001001110110110001 10001001110110110001001001110001001110110110001
